%YAML:1.0
aruco_bc_nmarkers: 24
aruco_bc_mInfoType: 0
aruco_bc_markers:
   - { id:79, corners:[ [ -215., -325., 0. ], [ -115., -325., 0. ], [
       -115., -225., 0. ], [ -215., -225., 0. ] ] }
   - { id:60, corners:[ [ -105., -325., 0. ], [ -5., -325., 0. ], [ -5.,
       -225., 0. ], [ -105., -225., 0. ] ] }
   - { id:661, corners:[ [ 5., -325., 0. ], [ 105., -325., 0. ], [ 105.,
       -225., 0. ], [ 5., -225., 0. ] ] }
   - { id:539, corners:[ [ 115., -325., 0. ], [ 215., -325., 0. ], [
       215., -225., 0. ], [ 115., -225., 0. ] ] }
   - { id:796, corners:[ [ -215., -215., 0. ], [ -115., -215., 0. ], [
       -115., -115., 0. ], [ -215., -115., 0. ] ] }
   - { id:457, corners:[ [ -105., -215., 0. ], [ -5., -215., 0. ], [ -5.,
       -115., 0. ], [ -105., -115., 0. ] ] }
   - { id:850, corners:[ [ 5., -215., 0. ], [ 105., -215., 0. ], [ 105.,
       -115., 0. ], [ 5., -115., 0. ] ] }
   - { id:10, corners:[ [ 115., -215., 0. ], [ 215., -215., 0. ], [ 215.,
       -115., 0. ], [ 115., -115., 0. ] ] }
   - { id:476, corners:[ [ -215., -105., 0. ], [ -115., -105., 0. ], [
       -115., -5., 0. ], [ -215., -5., 0. ] ] }
   - { id:546, corners:[ [ -105., -105., 0. ], [ -5., -105., 0. ], [ -5.,
       -5., 0. ], [ -105., -5., 0. ] ] }
   - { id:207, corners:[ [ 5., -105., 0. ], [ 105., -105., 0. ], [ 105.,
       -5., 0. ], [ 5., -5., 0. ] ] }
   - { id:1022, corners:[ [ 115., -105., 0. ], [ 215., -105., 0. ], [
       215., -5., 0. ], [ 115., -5., 0. ] ] }
   - { id:161, corners:[ [ -215., 5., 0. ], [ -115., 5., 0. ], [ -115.,
       105., 0. ], [ -215., 105., 0. ] ] }
   - { id:771, corners:[ [ -105., 5., 0. ], [ -5., 5., 0. ], [ -5., 105.,
       0. ], [ -105., 105., 0. ] ] }
   - { id:674, corners:[ [ 5., 5., 0. ], [ 105., 5., 0. ], [ 105., 105.,
       0. ], [ 5., 105., 0. ] ] }
   - { id:435, corners:[ [ 115., 5., 0. ], [ 215., 5., 0. ], [ 215.,
       105., 0. ], [ 115., 105., 0. ] ] }
   - { id:452, corners:[ [ -215., 115., 0. ], [ -115., 115., 0. ], [
       -115., 215., 0. ], [ -215., 215., 0. ] ] }
   - { id:671, corners:[ [ -105., 115., 0. ], [ -5., 115., 0. ], [ -5.,
       215., 0. ], [ -105., 215., 0. ] ] }
   - { id:898, corners:[ [ 5., 115., 0. ], [ 105., 115., 0. ], [ 105.,
       215., 0. ], [ 5., 215., 0. ] ] }
   - { id:371, corners:[ [ 115., 115., 0. ], [ 215., 115., 0. ], [ 215.,
       215., 0. ], [ 115., 215., 0. ] ] }
   - { id:135, corners:[ [ -215., 225., 0. ], [ -115., 225., 0. ], [
       -115., 325., 0. ], [ -215., 325., 0. ] ] }
   - { id:441, corners:[ [ -105., 225., 0. ], [ -5., 225., 0. ], [ -5.,
       325., 0. ], [ -105., 325., 0. ] ] }
   - { id:261, corners:[ [ 5., 225., 0. ], [ 105., 225., 0. ], [ 105.,
       325., 0. ], [ 5., 325., 0. ] ] }
   - { id:533, corners:[ [ 115., 225., 0. ], [ 215., 225., 0. ], [ 215.,
       325., 0. ], [ 115., 325., 0. ] ] }
