%YAML:1.0
aruco_bc_nmarkers: 24
aruco_bc_mInfoType: 1
aruco_bc_markers:
   - { id:532, corners:[ [ -7.5249999761581421e-02,
       -1.1374999582767487e-01, 0. ], [ -4.0249999612569809e-02,
       -1.1374999582767487e-01, 0. ], [ -4.0249999612569809e-02,
       -7.8749999403953552e-02, 0. ], [ -7.5249999761581421e-02,
       -7.8749999403953552e-02, 0. ] ] }
   - { id:716, corners:[ [ -3.6749999970197678e-02,
       -1.1374999582767487e-01, 0. ], [ -1.7499999376013875e-03,
       -1.1374999582767487e-01, 0. ], [ -1.7499999376013875e-03,
       -7.8749999403953552e-02, 0. ], [ -3.6749999970197678e-02,
       -7.8749999403953552e-02, 0. ] ] }
   - { id:442, corners:[ [ 1.7499999376013875e-03,
       -1.1374999582767487e-01, 0. ], [ 3.6749999970197678e-02,
       -1.1374999582767487e-01, 0. ], [ 3.6749999970197678e-02,
       -7.8749999403953552e-02, 0. ], [ 1.7499999376013875e-03,
       -7.8749999403953552e-02, 0. ] ] }
   - { id:474, corners:[ [ 4.0249999612569809e-02,
       -1.1374999582767487e-01, 0. ], [ 7.5249999761581421e-02,
       -1.1374999582767487e-01, 0. ], [ 7.5249999761581421e-02,
       -7.8749999403953552e-02, 0. ], [ 4.0249999612569809e-02,
       -7.8749999403953552e-02, 0. ] ] }
   - { id:392, corners:[ [ -7.5249999761581421e-02,
       -7.5249999761581421e-02, 0. ], [ -4.0249999612569809e-02,
       -7.5249999761581421e-02, 0. ], [ -4.0249999612569809e-02,
       -4.0249999612569809e-02, 0. ], [ -7.5249999761581421e-02,
       -4.0249999612569809e-02, 0. ] ] }
   - { id:277, corners:[ [ -3.6749999970197678e-02,
       -7.5249999761581421e-02, 0. ], [ -1.7499999376013875e-03,
       -7.5249999761581421e-02, 0. ], [ -1.7499999376013875e-03,
       -4.0249999612569809e-02, 0. ], [ -3.6749999970197678e-02,
       -4.0249999612569809e-02, 0. ] ] }
   - { id:177, corners:[ [ 1.7499999376013875e-03,
       -7.5249999761581421e-02, 0. ], [ 3.6749999970197678e-02,
       -7.5249999761581421e-02, 0. ], [ 3.6749999970197678e-02,
       -4.0249999612569809e-02, 0. ], [ 1.7499999376013875e-03,
       -4.0249999612569809e-02, 0. ] ] }
   - { id:529, corners:[ [ 4.0249999612569809e-02,
       -7.5249999761581421e-02, 0. ], [ 7.5249999761581421e-02,
       -7.5249999761581421e-02, 0. ], [ 7.5249999761581421e-02,
       -4.0249999612569809e-02, 0. ], [ 4.0249999612569809e-02,
       -4.0249999612569809e-02, 0. ] ] }
   - { id:226, corners:[ [ -7.5249999761581421e-02,
       -3.6749999970197678e-02, 0. ], [ -4.0249999612569809e-02,
       -3.6749999970197678e-02, 0. ], [ -4.0249999612569809e-02,
       -1.7499999376013875e-03, 0. ], [ -7.5249999761581421e-02,
       -1.7499999376013875e-03, 0. ] ] }
   - { id:886, corners:[ [ -3.6749999970197678e-02,
       -3.6749999970197678e-02, 0. ], [ -1.7499999376013875e-03,
       -3.6749999970197678e-02, 0. ], [ -1.7499999376013875e-03,
       -1.7499999376013875e-03, 0. ], [ -3.6749999970197678e-02,
       -1.7499999376013875e-03, 0. ] ] }
   - { id:401, corners:[ [ 1.7499999376013875e-03,
       -3.6749999970197678e-02, 0. ], [ 3.6749999970197678e-02,
       -3.6749999970197678e-02, 0. ], [ 3.6749999970197678e-02,
       -1.7499999376013875e-03, 0. ], [ 1.7499999376013875e-03,
       -1.7499999376013875e-03, 0. ] ] }
   - { id:976, corners:[ [ 4.0249999612569809e-02,
       -3.6749999970197678e-02, 0. ], [ 7.5249999761581421e-02,
       -3.6749999970197678e-02, 0. ], [ 7.5249999761581421e-02,
       -1.7499999376013875e-03, 0. ], [ 4.0249999612569809e-02,
       -1.7499999376013875e-03, 0. ] ] }
   - { id:55, corners:[ [ -7.5249999761581421e-02,
       1.7499999376013875e-03, 0. ], [ -4.0249999612569809e-02,
       1.7499999376013875e-03, 0. ], [ -4.0249999612569809e-02,
       3.6749999970197678e-02, 0. ], [ -7.5249999761581421e-02,
       3.6749999970197678e-02, 0. ] ] }
   - { id:685, corners:[ [ -3.6749999970197678e-02,
       1.7499999376013875e-03, 0. ], [ -1.7499999376013875e-03,
       1.7499999376013875e-03, 0. ], [ -1.7499999376013875e-03,
       3.6749999970197678e-02, 0. ], [ -3.6749999970197678e-02,
       3.6749999970197678e-02, 0. ] ] }
   - { id:53, corners:[ [ 1.7499999376013875e-03, 1.7499999376013875e-03,
       0. ], [ 3.6749999970197678e-02, 1.7499999376013875e-03, 0. ], [
       3.6749999970197678e-02, 3.6749999970197678e-02, 0. ], [
       1.7499999376013875e-03, 3.6749999970197678e-02, 0. ] ] }
   - { id:91, corners:[ [ 4.0249999612569809e-02, 1.7499999376013875e-03,
       0. ], [ 7.5249999761581421e-02, 1.7499999376013875e-03, 0. ], [
       7.5249999761581421e-02, 3.6749999970197678e-02, 0. ], [
       4.0249999612569809e-02, 3.6749999970197678e-02, 0. ] ] }
   - { id:97, corners:[ [ -7.5249999761581421e-02,
       4.0249999612569809e-02, 0. ], [ -4.0249999612569809e-02,
       4.0249999612569809e-02, 0. ], [ -4.0249999612569809e-02,
       7.5249999761581421e-02, 0. ], [ -7.5249999761581421e-02,
       7.5249999761581421e-02, 0. ] ] }
   - { id:773, corners:[ [ -3.6749999970197678e-02,
       4.0249999612569809e-02, 0. ], [ -1.7499999376013875e-03,
       4.0249999612569809e-02, 0. ], [ -1.7499999376013875e-03,
       7.5249999761581421e-02, 0. ], [ -3.6749999970197678e-02,
       7.5249999761581421e-02, 0. ] ] }
   - { id:453, corners:[ [ 1.7499999376013875e-03,
       4.0249999612569809e-02, 0. ], [ 3.6749999970197678e-02,
       4.0249999612569809e-02, 0. ], [ 3.6749999970197678e-02,
       7.5249999761581421e-02, 0. ], [ 1.7499999376013875e-03,
       7.5249999761581421e-02, 0. ] ] }
   - { id:471, corners:[ [ 4.0249999612569809e-02,
       4.0249999612569809e-02, 0. ], [ 7.5249999761581421e-02,
       4.0249999612569809e-02, 0. ], [ 7.5249999761581421e-02,
       7.5249999761581421e-02, 0. ], [ 4.0249999612569809e-02,
       7.5249999761581421e-02, 0. ] ] }
   - { id:752, corners:[ [ -7.5249999761581421e-02,
       7.8749999403953552e-02, 0. ], [ -4.0249999612569809e-02,
       7.8749999403953552e-02, 0. ], [ -4.0249999612569809e-02,
       1.1374999582767487e-01, 0. ], [ -7.5249999761581421e-02,
       1.1374999582767487e-01, 0. ] ] }
   - { id:273, corners:[ [ -3.6749999970197678e-02,
       7.8749999403953552e-02, 0. ], [ -1.7499999376013875e-03,
       7.8749999403953552e-02, 0. ], [ -1.7499999376013875e-03,
       1.1374999582767487e-01, 0. ], [ -3.6749999970197678e-02,
       1.1374999582767487e-01, 0. ] ] }
   - { id:983, corners:[ [ 1.7499999376013875e-03,
       7.8749999403953552e-02, 0. ], [ 3.6749999970197678e-02,
       7.8749999403953552e-02, 0. ], [ 3.6749999970197678e-02,
       1.1374999582767487e-01, 0. ], [ 1.7499999376013875e-03,
       1.1374999582767487e-01, 0. ] ] }
   - { id:298, corners:[ [ 4.0249999612569809e-02,
       7.8749999403953552e-02, 0. ], [ 7.5249999761581421e-02,
       7.8749999403953552e-02, 0. ], [ 7.5249999761581421e-02,
       1.1374999582767487e-01, 0. ], [ 4.0249999612569809e-02,
       1.1374999582767487e-01, 0. ] ] }
